373, 354
317,308
317,313
317,317
317,319
314,320
311,322
311,329
311,332
311,342
310,348
309,355
309,369
309,381
311,386
315,394
319,400
322,404
324,407
330,410
333,410
336,411
347,413
352,415
355,415
374,419
375,419
378,418
383,417
393,424
394,426
396,426
398,426
398,424
398,421
397,416
397,410
401,408
404,405
406,402
409,395
410,389
416,387
417,386
422,382
424,377
428,372
434,370
444,370
457,369
457,364
457,361
457,355
456,343
458,332
461,318
460,312
457,312
448,312
427,311
421,311
398,310
372,309
357,309
347,309
334,309
325,309
319,309
